47,1092
0,463
49,436
0,461
47,1091
0,456
0,450
0,317
0,315
0,314
47,1090
0,308
0,306
0,304
0,302
0,447
47,1089
49,435
0,445
47,1088
0,444
0,443
0,441
47,1087
0,440
0,439
47,1086
49,434
0,438
83,49
83,48
83,47
83,46
83,45
83,44
83,43
83,42
83,41
83,40
83,39
83,38
83,37
83,36
83,35
0,437
47,1085
0,435
0,433
0,432
47,1084
0,431
0,430
0,429
0,428
49,433
47,1083
0,427
3,3
47,920
47,919
47,918
47,917
47,916
47,915
47,914
47,913
47,912
47,911
47,910
47,909
47,908
47,907
47,906
47,905
47,904
47,903
47,902
47,901
47,900
47,899
47,898
47,897
47,896
47,895
47,894
47,893
47,892
47,891
47,890
47,889
47,888
47,887
47,886
47,885
47,884
47,883
47,882
47,881
47,880
47,879
47,878
47,877
47,876
47,875
47,874
47,873
47,872
47,871
47,870
47,869
47,868
47,867
47,866
47,865
47,864
47,863
47,862
47,861
47,860
47,859
47,858
47,857
47,856
47,855
47,854
47,853
47,852
47,851
47,850
47,849
47,848
47,847
47,846
47,845
47,844
47,843
47,842
47,841
47,840
47,839
47,838
47,837
47,836
47,835
47,834
47,833
10,120
10,238
10,122
10,288
10,24
10,150
47,832
47,831
47,830
47,829
47,828
47,827
47,826
47,825
47,824
47,823
47,822
47,821
47,820
47,819
47,818
47,817
47,816
47,815
47,814
47,813
47,812
47,811
47,810
47,809
10,148
10,1
10,314
10,2
47,808
47,807
47,806
47,805
10,3
11,4
11,9
11,15
11,18
11,11
11,14
11,1
11,7
11,2
47,804
11,3
9,7
47,803
9,6
9,1
9,4
9,2
9,3
8,10
8,11
8,7
8,13
47,37
47,36
47,1
20,3
20,2
20,1
19,3
19,2
19,1
18,3
18,1
14,3
14,1
13,3
13,1
12,3
12,2
12,1
8,12
8,8
8,3
8,2
8,1
2,2
2,3
2,1
0,0
83,34
83,33
83,32
83,31
83,30
83,29
83,28
83,27
83,26
83,25
83,24
83,23
83,22
83,21
83,20
83,19
83,18
83,17
83,16
83,15
83,14
83,13
83,12
83,11
83,10
83,9
83,8
83,7
83,6
83,5
83,4
83,3
83,2
83,0
0,276
0,275
0,272
0,271
0,12
0,10
0,8
0,527
0,540
0,268
0,508
0,434
0,267
0,526
0,399
0,266
0,543
0,477
0,265
0,506
0,507
0,264
0,530
0,561
0,263
0,505
0,469
0,262
0,504
0,421
0,261
0,548
0,471
0,260
0,518
0,398
0,259
0,517
0,258
0,516
0,519
0,257
0,502
0,405
0,256
0,470
0,503
0,255
0,515
0,528
0,254
0,413
0,425
0,253
0,500
0,512
0,252
0,533
0,558
0,251
0,514
0,501
0,250
0,388
0,423
0,249
0,538
0,422
0,248
0,513
0,446
0,247
0,495
0,497
0,246
0,479
0,419
0,245
0,551
0,418
0,244
0,539
0,417
0,242
0,410
0,416
0,241
0,569
0,415
0,240
0,468
0,537
0,239
3,1
3,2
47,922
47,923
47,925
47,926
47,928
47,930
47,931
47,933
47,934
47,936
47,938
47,939
47,941
47,942
47,944
47,945
47,947
47,949
47,950
47,952
47,953
47,956
47,959
47,960
47,964
47,965
47,968
47,970
47,973
47,976
47,978
47,981
47,983
47,986
47,989
47,991
47,994
47,995
47,998
47,1000
47,1003
47,1006
47,1008
47,1011
47,1013
47,1016
47,1019
47,1021
47,1024
47,1025
47,1029
47,1032
47,1033
47,1037
47,1038
47,1041
47,1043
47,1046
47,1049
47,1051
47,1054
47,1056
47,1059
47,1062
47,1063
47,1067
47,1068
47,1071
47,1073
47,1076
47,1079
47,1081
49,1
49,328
49,331
49,334
49,336
49,339
49,340
49,344
49,345
49,348
49,351
49,353
49,356
49,358
49,361
49,364
49,366
49,369
49,370
49,374
49,377
49,378
49,382
49,383
49,386
49,388
49,391
49,394
49,396
49,399
49,401
49,404
49,407
49,408
49,412
49,413
49,416
49,418
49,421
49,424
49,426
49,429
49,431
50,1
50,21
78,1
78,3083
78,3084
78,3088
78,3089
78,3092
57,3
57,7
57,6
49,3
49,427
49,422
49,419
49,414
49,411
49,406
49,403
49,398
49,392
49,390
49,384
49,381
49,376
49,371
49,368
49,362
49,360
49,354
49,349
49,346
49,341
49,338
49,333
49,330
49,326
49,324
49,323
49,321
49,320
49,257
49,259
49,260
49,262
49,263
49,265
49,266
49,268
49,270
49,271
49,273
49,274
49,276
49,278
49,279
49,281
49,282
49,284
49,285
49,287
49,289
49,290
49,292
49,293
49,295
49,297
49,298
49,300
49,301
49,303
49,305
49,306
49,308
49,309
49,311
49,312
49,314
49,316
49,317
49,319
49,192
49,194
49,196
49,197
49,199
49,200
49,202
49,203
49,205
49,207
49,208
49,210
49,211
49,213
49,215
49,216
49,218
49,219
49,221
49,222
49,224
49,226
49,227
49,229
49,230
49,232
49,234
49,235
49,237
49,238
49,240
49,241
49,243
49,245
49,246
49,248
49,249
49,251
49,253
49,254
49,128
49,129
49,131
49,133
49,134
49,136
49,137
49,139
49,140
49,142
49,144
49,145
49,147
49,148
49,150
49,152
49,153
49,155
49,156
49,158
49,159
49,161
49,163
49,164
49,166
49,167
49,169
49,171
49,172
49,174
49,175
49,177
49,178
49,180
49,182
49,183
49,185
49,186
49,188
49,190
49,191
49,65
49,66
49,68
49,70
49,71
49,73
49,74
49,76
49,77
49,79
49,81
49,82
49,84
49,85
49,87
49,89
49,90
49,92
49,93
49,95
49,96
49,98
49,100
49,101
49,103
49,104
49,106
49,108
49,109
49,111
49,112
49,114
49,115
49,117
49,119
49,120
49,122
49,123
49,125
49,127
49,36
49,34
49,33
49,31
49,29
49,28
49,26
49,25
49,23
49,22
49,20
49,18
49,16
49,14
49,13
49,11
49,9
49,8
49,6
49,5
50,3
50,4
50,6
50,8
50,9
50,11
50,12
50,14
50,16
50,17
50,20
52,3
51,3
51,1
62,1
78,40
78,4164
57,5
57,4
78,4
78,7
78,8
78,10
78,11
78,13
78,14
78,16
78,18
78,19
78,21
78,22
78,24
78,26
78,27
78,29
78,30
78,32
78,34
78,35
78,64
78,65
78,67
78,68
78,70
78,72
78,73
78,75
78,76
78,78
78,80
78,81
78,83
78,84
78,86
78,87
78,89
78,91
78,92
78,94
78,95
78,97
78,99
78,100
78,102
78,103
78,105
78,106
78,108
78,110
78,111
78,113
78,114
78,116
78,117
78,118
78,120
78,121
78,123
78,125
78,126
78,129
78,130
78,132
78,133
78,135
78,137
78,138
78,140
78,141
78,143
78,145
78,146
78,148
78,149
78,151
78,152
78,154
78,156
78,157
78,159
78,160
78,162
78,164
78,165
78,167
78,168
78,170
78,171
78,192
78,174
78,175
78,177
78,178
78,180
78,182
78,183
78,185
78,186
78,188
78,189
78,191
78,194
78,195
78,197
78,198
78,200
78,202
78,203
78,205
78,206
78,208
78,210
78,211
78,213
78,214
78,216
78,217
78,219
78,221
78,222
78,224
78,225
78,227
78,256
78,229
78,231
78,232
78,234
78,235
78,237
78,239
78,240
78,242
78,243
78,245
78,247
78,248
78,250
78,251
78,253
78,254
78,257
78,259
78,260
78,262
78,263
78,265
78,267
78,268
78,270
78,271
78,273
78,275
78,276
78,278
78,279
78,281
78,282
78,284
78,285
78,286
78,288
78,289
78,291
78,293
78,294
78,296
78,297
78,299
78,300
78,302
78,304
78,305
78,307
78,308
78,310
78,312
78,313
78,315
78,316
78,318
78,319
78,322
78,324
78,325
78,327
78,328
78,330
78,332
78,333
78,335
78,336
78,338
78,339
78,384
78,342
78,343
78,345
78,346
78,348
78,350
78,351
78,353
78,354
78,356
78,358
78,359
78,361
78,362
78,364
78,365
78,367
78,369
78,370
78,372
78,373
78,375
78,377
78,378
78,380
78,381
78,383
78,385
78,387
78,389
78,390
78,392
78,393
78,395
78,448
78,397
78,399
78,400
78,402
78,403
78,405
78,407
78,408
78,410
78,411
78,413
78,415
78,416
78,418
78,419
78,421
78,423
78,424
78,426
78,427
78,429
78,430
78,432
78,434
78,435
78,437
78,438
78,440
78,442
78,443
78,445
78,446
78,449
78,450
78,452
78,453
78,454
78,456
78,457
78,459
78,461
78,462
78,464
78,465
78,467
78,468
78,470
78,472
78,473
78,475
78,476
78,478
78,480
78,481
78,483
78,484
78,486
78,488
78,489
78,491
78,492
78,494
78,495
78,497
78,499
78,500
78,502
78,503
78,505
78,507
78,576
78,509
78,510
78,513
78,514
78,516
78,518
78,519
78,521
78,522
78,524
78,526
78,527
78,529
78,530
78,532
78,533
78,535
78,537
78,538
78,540
78,541
78,543
78,545
78,546
78,548
78,549
78,551
78,552
78,554
78,556
78,557
78,559
78,560
78,562
78,640
78,564
78,566
78,567
78,569
78,571
78,572
78,574
78,575
78,578
78,579
78,581
78,583
78,584
78,586
78,587
78,589
78,591
78,592
78,594
78,595
78,597
78,598
78,600
78,602
78,603
78,605
78,606
78,608
78,610
78,611
78,613
78,614
78,616
78,617
78,619
78,620
78,621
78,623
78,624
78,626
78,628
78,629
78,631
78,632
78,634
78,636
78,637
78,639
78,641
78,643
78,644
78,646
78,648
78,649
78,651
78,652
78,654
78,656
78,657
78,659
78,660
78,662
78,663
78,665
78,667
78,668
78,670
78,671
78,673
78,675
78,768
78,677
78,678
78,680
78,681
78,683
78,685
78,686
78,688
78,689
78,691
78,693
78,694
78,696
78,697
78,699
78,700
78,702
78,705
78,706
78,708
78,709
78,711
78,713
78,714
78,716
78,717
78,719
78,721
78,722
78,724
78,725
78,727
78,728
78,730
78,832
78,732
78,734
78,735
78,737
78,739
78,740
78,742
78,743
78,745
78,746
78,748
78,750
78,751
78,753
78,754
78,756
78,758
78,759
78,761
78,762
78,764
78,765
78,767
78,770
78,771
78,773
78,774
78,776
78,778
78,779
78,781
78,782
78,784
78,786
78,787
78,788
78,789
78,791
78,792
78,794
78,796
78,797
78,799
78,800
78,802
78,804
78,805
78,807
78,808
78,810
78,811
78,813
78,815
78,816
78,818
78,819
78,821
78,823
78,824
78,826
78,827
78,829
78,830
78,833
78,835
78,836
78,838
78,839
78,841
78,843
78,960
78,845
78,846
78,848
78,849
78,851
78,853
78,854
78,856
78,857
78,859
78,861
78,862
78,864
78,865
78,867
78,869
78,870
78,872
78,873
78,875
78,876
78,878
78,880
78,881
78,883
78,884
78,886
78,888
78,889
78,891
78,892
78,894
78,895
78,898
78,1024
78,900
78,902
78,903
78,905
78,907
78,908
78,910
78,911
78,913
78,914
78,916
78,918
78,919
78,921
78,922
78,924
78,926
78,927
78,929
78,930
78,932
78,934
78,935
78,937
78,938
78,940
78,941
78,943
78,945
78,946
78,948
78,949
78,951
78,953
78,954
78,955
78,956
78,958
78,959
78,962
78,964
78,965
78,967
78,968
78,970
78,972
78,973
78,975
78,976
78,978
78,979
78,981
78,983
78,984
78,986
78,987
78,989
78,991
78,992
78,994
78,995
78,997
78,999
78,1000
78,1002
78,1003
78,1005
78,1006
78,1008
78,1010
78,1152
78,1012
78,1013
78,1015
78,1017
78,1018
78,1020
78,1021
78,1023
78,1025
78,1027
78,1029
78,1030
78,1032
78,1033
78,1035
78,1037
78,1038
78,1040
78,1041
78,1043
78,1044
78,1046
78,1048
78,1049
78,1051
78,1052
78,1054
78,1056
78,1057
78,1059
78,1060
78,1062
78,1063
78,1065
78,1216
78,1067
78,1069
78,1070
78,1072
78,1074
78,1075
78,1077
78,1078
78,1080
78,1082
78,1083
78,1085
78,1086
78,1089
78,1090
78,1092
78,1094
78,1095
78,1097
78,1098
78,1100
78,1102
78,1103
78,1105
78,1106
78,1108
78,1109
78,1111
78,1113
78,1114
78,1116
78,1117
78,1119
78,1121
78,1122
78,1123
78,1124
78,1126
78,1127
78,1129
78,1131
78,1132
78,1134
78,1135
78,1137
78,1139
78,1140
78,1142
